1.02164 -10
1.02397 -9.8
1.03037 -9.6
1.03851 -9.4
1.04622 -9.2
1.05188 -9
1.05225 -8.8
1.04656 -8.6
1.03798 -8.4
1.02887 -8.2
1.0203 -8
1.0137 -7.8
1.00914 -7.6
1.00556 -7.4
1.00321 -7.2
1.00183 -7
1.00033 -6.8
0.999035 -6.6
0.998389 -6.4
0.998999 -6.2
1.00295 -6
1.01286 -5.8
1.03469 -5.6
1.07807 -5.4
1.14638 -5.2
1.22131 -5
1.26178 -4.8
1.23856 -4.6
1.16932 -4.4
1.09794 -4.2
1.0493 -4
1.02265 -3.8
1.0099 -3.6
1.00423 -3.4
1.00129 -3.2
0.999802 -3
0.999716 -2.8
1.00033 -2.6
1.00073 -2.4
1.0009 -2.2
1.0009 -2
1.00021 -1.8
0.999407 -1.6
0.999756 -1.4
1.00044 -1.2
1.00021 -1
0.99998 -0.8
1.00036 -0.6
1.00045 -0.4
1.00012 -0.2
0.999959 0
1.00012 0.2
1.00045 0.4
1.00036 0.6
0.99998 0.8
1.00021 1
1.00044 1.2
0.999756 1.4
0.999407 1.6
1.00021 1.8
1.0009 2
1.0009 2.2
1.00073 2.4
1.00033 2.6
0.999716 2.8
0.999802 3
1.00129 3.2
1.00423 3.4
1.0099 3.6
1.02265 3.8
1.0493 4
1.09794 4.2
1.16932 4.4
1.23856 4.6
1.26178 4.8
1.22131 5
1.14638 5.2
1.07807 5.4
1.03469 5.6
1.01286 5.8
1.00295 6
0.998999 6.2
0.998389 6.4
0.999035 6.6
1.00033 6.8
1.00183 7
1.00321 7.2
1.00556 7.4
1.00914 7.6
1.0137 7.8
1.0203 8
1.02887 8.2
1.03798 8.4
1.04656 8.6
1.05225 8.8
1.05188 9
1.04622 9.2
1.03851 9.4
1.03037 9.6
1.02397 9.8
